	File 2               File 1
1 1 [A_A] 101001 3   1 1 [A_A] 100001 2
1 1 [A_C] 101011 4   1 1 [A_C] 001000 1
1 2 [A_A] 000101 2   1 2 [A_A] 100101 3
1 2 [A_C] 000111 3   1 2 [A_C] 000111 3
2 1 [A_A] 100001 2   2 1 [A_A] 100011 3
2 1 [A_C] 100000 1   2 1 [A_C] 000000 0
2 2 [A_A] 110111 5   2 2 [A_A] 110111 5
2 2 [A_C] 100011 3   2 2 [A_C] 101011 4
3 1 [A_B] 101001 3   3 1 [A_B] 101001 3
3 1 [A_D] 101011 4   3 1 [A_D] 000000 0
3 2 [A_B] 000101 2   3 2 [A_B] 101101 4
3 2 [A_D] 000111 3   3 2 [A_D] 001111 4
4 1 [A_B] 100001 2   4 1 [A_B] 101011 4
4 1 [A_D] 100000 1   4 1 [A_D] 001000 1
4 2 [A_B] 110111 5   4 2 [A_B] 111111 6
4 2 [A_D] 100011 3   4 2 [A_D] 101011 4

S  P  Sum2 Avg2   Sum1  Avg1  Diff 1 - 2
1 aa 3+2 5 2.5   2+3 5   2.5  0.0
1 ac 4+1 5 2.5   1+0 1   0.5  -2.0
2 aa 2+5 7 3.5   3+5 8   4.0  0.5
2 ac 3+3 6 3.0   3+4 7   3.5  0.5
1 ab 3+2 5 2.5   3+4 7   3.5  1.0
1 ad 4+1 5 2.5   0+1 1   0.5  -2.0
2 ab 2+5 7 3.5   4+6 10  5.0  1.5
2 ad 3+3 6 3.0   4+4 8   4.0  1.0

OutFile
   1     2
aa  0.0 0.5
ac -2.0 0.5
ab  1.0 1.5
ad -2.0 1.0

